0.210164102352848
0.199620165225630
0.190083664079490
0.181416796741232
0.173505797464540
0.166255915159282
0.159587600122139
0.153433573052439
0.147736547036925
0.142447438865138
0.137523951284418
0.132929439445958
0.128631997229134
0.124603715243646
0.120820074018010
0.117259444486329
0.113902674272052
0.110732743054495
0.107734473924444
0.104894290396614
0.102200010869893
0.0996406739708745
0.0972063894991988
0.0948882107008334
0.0926780243918224
0.0905684560882774
0.0885527878047831
0.0866248865905710
0.0847791422019104
0.0830104125764671
0.0813139759935184
0.0796854889827361
0.0781209491914654
0.0766166625421419
0.0751692141124969
0.0737754422553613
0.0724324155452479
0.0711374121979352
0.0698879016589898
0.0686815280991535
0.0675160955900950
0.0663895547642635
0.0652999907883471
0.0642456125018641
0.0632247425912878
0.0622358086863241
0.0612773352789288
0.0603479363777151
0.0594463088208408
0.0585712261795249
0.0577215331922131
0.0568961406762776
0.0560940208701257
0.0553142031638306
0.0545557701809961
0.0538178541785992
0.0530996337351053
0.0524003307002817
0.0517192073828977
0.0510555639549429
0.0504087360531632
0.0497780925606340
0.0491630335527991
0.0485629883939237
0.0479774139712652
0.0474057930554774
0.0468476327768423
0.0463024632078961
0.0457698360438803
0.0452493233732324
0.0447405165310273
0.0442430250289140
0.0437564755556580
0.0432805110429147
0.0428147897913182
0.0423589846523930
0.0419127822621707
0.0414758823227398
0.0410479969282666
0.0406288499323087
0.0402181763534997
0.0398157218169164
0.0394212420286552
0.0390345022813356
0.0386552769884286
0.0382833492454684
0.0379185104163535
0.0375605597430805
0.0372093039773745
0.0368645570327992
0.0365261396560269
0.0361938791160516
0.0358676089102112
0.0355471684859678
0.0352324029774702
0.0349231629559893
0.0346193041933820
0.0343206874377971
0.0340271782008898
0.0337386465558625
0.0334549669456937
0.0331760180009610
0.0329016823667032
0.0326318465378013
0.0323664007023951
0.0321052385928794
0.0318482573440575
0.0315953573580519
0.0313464421756011
0.0311014183533926
0.0308601953471040
0.0306226853998455
0.0303888034357139
0.0301584669581882
0.0299315959531107
0.0297081127960148
0.0294879421635735
0.0292710109489561
0.0290572481808947
0.0288465849462703
0.0286389543160427
0.0284342912743563
0.0282325326506639
0.0280336170547199
0.0278374848143031
0.0276440779155341
0.0274533399456650
0.0272652160382203
0.0270796528203789
0.0268965983624888
0.0267160021296173
0.0265378149350392
0.0263619888955736
0.0261884773886859
0.0260172350112712
0.0258482175400455
0.0256813818934698
0.0255166860951403
0.0253540892385776
0.0251935514533537
0.0250350338724982
0.0248784986011265
0.0247239086862383
0.0245712280876353
0.0244204216499089
0.0242714550754539
0.0241242948984641
0.0239789084598676
0.0238352638831632
0.0236933300511205
0.0235530765833069
0.0234144738144089
0.0232774927733133
0.0231421051629196
0.0230082833406517
0.0228760002996427
0.0227452296505649
0.0226159456040789
0.0224881229538784
0.0223617370603070
0.0222367638345234
0.0221131797231958
0.0219909616937029
0.0218700872198234
0.0217505342678948
0.0216322812834239
0.0215153071781313
0.0213995913174144
0.0212851135082125
0.0211718539872592
0.0210597934097088
0.0209489128381204
0.0208391937317896
0.0207306179364134
0.0206231676740755
0.0205168255335430
0.0204115744608606
0.0203073977502331
0.0202042790351864
0.0201022022799952
0.0200011517713700
0.0199011121103941
0.0198020682046998
0.0197040052608787
0.0196069087771155
0.0195107645360387
0.0194155585977806
0.0193212772932397
0.0192279072175382
0.0191354352236686
0.0190438484163221
0.0189531341458944
0.0188632800026610
0.0187742738111182
0.0186861036244828
0.0185987577193469
0.0185122245904812
0.0184264929457832
0.0183415517013646
0.0182573899767746
0.0181739970903535
0.0180913625547136
0.0180094760723422
0.0179283275313243
0.0178479070011794
0.0177682047288109
0.0176892111345626
0.0176109168083809
0.0175333125060775
0.0174563891456909
0.0173801378039437
0.0173045497127916
0.0172296162560624
0.0171553289661821
0.0170816795209849
0.0170086597406058
0.0169362615844514
0.0168644771482488
0.0167932986611687
0.0167227184830212
0.0166527291015220
0.0165833231296267
0.0165144933029322
0.0164462324771418
0.0163785336255929
0.0163113898368464
0.0162447943123342
0.0161787403640644
0.0161132214123824
0.0160482309837862
0.0159837627087939
0.0159198103198632
0.0158563676493596
0.0157934286275742
0.0157309872807875
0.0156690377293795
0.0156075741859837
0.0155465909536857
0.0154860824242620
0.0154260430764613
0.0153664674743250
0.0153073502655462
0.0152486861798671
0.0151904700275129
0.0151326966976607
0.0150753611569445
0.0150184584479929
0.0149619836880006
0.0149059320673313
0.0148502988481526
0.0147950793631009
0.0147402690139760
0.0146858632704650
0.0146318576688937
0.0145782478110059
0.0145250293627695
0.0144721980532084
0.0144197496732599
0.0143676800746569
0.0143159851688340
0.0142646609258578
0.0142137033733789
0.0141631085956077
0.0141128727323111
0.0140629919778305
0.0140134625801209
0.0139642808398104
0.0139154431092786
0.0138669457917549
0.0138187853404360
0.0137709582576204
0.0137234610938623
0.0136762904471419
0.0136294429620533
0.0135829153290088
0.0135367042834593
0.0134908066051312
0.0134452191172779
0.0133999386859472
0.0133549622192626
0.0133102866667204
0.0132659090184989
0.0132218263047836
0.0131780355951036
0.0131345339976831
0.0130913186588044
0.0130483867621838
0.0130057355283599
0.0129633622140941
0.0129212641117817
0.0128794385488759
0.0128378828873218
0.0127965945230017
0.0127555708851917
0.0127148094360272
0.0126743076699804
0.0126340631133465
0.0125940733237402
0.0125543358896014
0.0125148484297106
0.0124756085927133
0.0124366140566529
0.0123978625285133
0.0123593517437689
0.0123210794659434
0.0122830434861776
0.0122452416228036
0.0122076717209279
0.0121703316520224
0.0121332193135217
0.0120963326284288
0.0120596695449278
0.0120232280360031
0.0119870060990658
0.0119510017555874
0.0119152130507389
0.0118796380530372
0.0118442748539979
0.0118091215677937
0.0117741763309191
0.0117394373018616
0.0117049026607776
0.0116705706091750
0.0116364393696008
0.0116025071853344
0.0115687723200863
0.0115352330577018
0.0115018877018701
0.0114687345758380
0.0114357720221293
0.0114029984022684
0.0113704120965085
0.0113380115035653
0.0113057950403543
0.0112737611417329
0.0112419082602474
0.0112102348658835
0.0111787394458211
0.0111474205041939
0.0111162765618523
0.0110853061561305
0.0110545078406179
0.0110238801849332
0.0109934217745037
0.0109631312103469
0.0109330071088570
0.0109030481015935
0.0108732528350743
0.0108436199705721
0.0108141481839135
0.0107848361652819
0.0107556826190235
0.0107266862634565
0.0106978458306829
0.0106691600664042
0.0106406277297390
0.0106122475930446
0.0105840184417406
0.0105559390741356
0.0105280083012571
0.0105002249466829
0.0104725878463769
0.0104450958485256
0.0104177478133788
0.0103905426130917
0.0103634791315700
0.0103365562643171
0.0103097729182842
0.0102831280117218
0.0102566204740348
0.0102302492456384
0.0102040132778174
0.0101779115325869
0.0101519429825556
0.0101261066107908
0.0101004014106859
0.0100748263858295
0.0100493805498767
0.0100240629264221
0.00999887254887523
0.00997380846033751
0.00994886971348079
0.00992405537042824
0.00989936450263672
0.00987479619078094
0.00985034952463935
0.00982602360298178
0.00980181753345863
0.00977773043249179
0.00975376142516714
0.00972990964512856
0.00970617423447360
0.00968255434365062
0.00965904913135737
0.00963565776444119
0.00961237941780048
0.00958921327428775
0.00956615852461398
0.00954321436725436
0.00952038000835544
0.00949765466164352
0.00947503754833446
0.00945252789704465
0.00943012494370339
0.00940782793146636
0.00938563611063044
0.00936354873854965
0.00934156507955234
0.00931968440485947
0.00929790599250412
0.00927622912725205
0.00925465310052340
0.00923317721031550
0.00921180076112674
0.00919052306388145
0.00916934343585589
0.00914826120060522
0.00912727568789147
0.00910638623361254
0.00908559217973212
0.00906489287421058
0.00904428767093688
0.00902377592966126
0.00900335701592897
0.00898303030101488
0.00896279516185887
0.00894265098100225
0.00892259714652489
0.00890263305198331
0.00888275809634949
0.00886297168395064
0.00884327322440958
0.00882366213258611
0.00880413782851904
0.00878469973736902
0.00876534728936208
0.00874607991973405
0.00872689706867554
0.00870779818127776
0.00868878270747900
0.00866985010201181
0.00865099982435091
0.00863223133866174
0.00861354411374967
0.00859493762300990
0.00857641134437798
0.00855796476028100
0.00853959735758938
0.00852130862756931
0.00850309806583573
0.00848496517230602
0.00846690945115418
0.00844893041076566
0.00843102756369272
0.00841320042661042
0.00839544852027307
0.00837777136947131
0.00836016850298972
0.00834263945356492
0.00832518375784423
0.00830780095634488
0.00829049059341365
0.00827325221718705
0.00825608537955205
0.00823898963610720
0.00822196454612433
0.00820500967251062
0.00818812458177125
0.00817130884397241
0.00815456203270483
0.00813788372504774
0.00812127350153325
0.00810473094611122
0.00808825564611447
0.00807184719222450
0.00805550517843760
0.00803922920203134
0.00802301886353147
0.00800687376667931
0.00799079351839937
0.00797477772876752
0.00795882601097944
0.00794293798131949
0.00792711325912991
0.00791135146678049
0.00789565222963847
0.00788001517603886
0.00786443993725514
0.00784892614747028
0.00783347344374806
0.00781808146600480
0.00780274985698138
0.00778747826221560
0.00777226633001487
0.00775711371142918
0.00774202006022448
0.00772698503285625
0.00771200828844344
0.00769708948874274
0.00768222829812312
0.00766742438354060
0.00765267741451343
0.00763798706309749
0.00762335300386194
0.00760877491386525
0.00759425247263137
0.00757978536212633
0.00756537326673496
0.00755101587323796
0.00753671287078920
0.00752246395089332
0.00750826880738350
0.00749412713639957
0.00748003863636631
0.00746600300797201
0.00745201995414728
0.00743808918004411
0.00742421039301510
0.00741038330259301
0.00739660762047049
0.00738288306048000
0.00736920933857405
0.00735558617280557
0.00734201328330856
0.00732849039227887
0.00731501722395530
0.00730159350460085
0.00728821896248415
0.00727489332786116
0.00726161633295698
0.00724838771194801
0.00723520720094410
0.00722207453797109
0.00720898946295338
0.00719595171769684
0.00718296104587175
0.00717001719299606
0.00715711990641873
0.00714426893530333
0.00713146403061175
0.00711870494508813
0.00710599143324291
0.00709332325133715
0.00708070015736690
0.00706812191104779
0.00705558827379982
0.00704309900873225
0.00703065388062867
0.00701825265593226
0.00700589510273116
0.00699358099074400
0.00698131009130562
0.00696908217735291
0.00695689702341081
0.00694475440557842
0.00693265410151534
0.00692059589042805
0.00690857955305649
0.00689660487166080
0.00688467163000814
0.00687277961335966
0.00686092860845768
0.00684911840351287
0.00683734878819168
0.00682561955360384
0.00681393049228999
0.00680228139820948
0.00679067206672822
0.00677910229460675
0.00676757187998832
0.00675608062238721
0.00674462832267705
0.00673321478307937
0.00672183980715220
0.00671050319977878
0.00669920476715643
0.00668794431678546
0.00667672165745833
0.00666553659924871
0.00665438895350086
0.00664327853281897
0.00663220515105669
0.00662116862330671
0.00661016876589048
0.00659920539634802
0.00658827833342783
0.00657738739707691
0.00656653240843084
0.00655571318980402
0.00654492956467999
0.00653418135770176
0.00652346839466238
0.00651279050249548
0.00650214750926599
0.00649153924416087
0.00648096553748000
0.00647042622062712
0.00645992112610087
0.00644945008748592
0.00643901293944418
0.00642860951770610
0.00641823965906204
0.00640790320135375
0.00639759998346592
0.00638732984531779
0.00637709262785487
0.00636688817304074
0.00635671632384889
0.00634657692425470
0.00633646981922744
0.00632639485472236
0.00631635187767290
0.00630634073598288
0.00629636127851890
0.00628641335510267
0.00627649681650349
0.00626661151443081
0.00625675730152682
0.00624693403135913
0.00623714155841353
0.00622737973808678
0.00621764842667950
0.00620794748138916
0.00619827676030301
0.00618863612239125
0.00617902542750012
0.00616944453634511
0.00615989331050426
0.00615037161241147
0.00614087930534990
0.00613141625344543
0.00612198232166019
0.00611257737578610
0.00610320128243853
0.00609385390905001
0.00608453512386396
0.00607524479592848
0.00606598279509027
0.00605674899198850
0.00604754325804883
0.00603836546547740
0.00602921548725495
0.00602009319713094
0.00601099846961776
0.00600193117998496
0.00599289120425356
0.00598387841919040
0.00597489270230251
0.00596593393183162
0.00595700198674859
0.00594809674674802
0.00593921809224282
0.00593036590435885
0.00592154006492964
0.00591274045649111
0.00590396696227636
0.00589521946621052
0.00588649785290563
0.00587780200765553
0.00586913181643090
0.00586048716587420
0.00585186794329479
0.00584327403666399
0.00583470533461026
0.00582616172641437
0.00581764310200463
0.00580914935195217
0.00580068036746625
0.00579223604038963
0.00578381626319394
0.00577542092897514
0.00576704993144896
0.00575870316494646
0.00575038052440958
0.00574208190538667
0.00573380720402820
0.00572555631708239
0.00571732914189091
0.00570912557638463
0.00570094551907940
0.00569278886907187
0.00568465552603535
0.00567654539021565
0.00566845836242707
0.00566039434404829
0.00565235323701842
0.00564433494383298
0.00563633936753997
0.00562836641173599
0.00562041598056234
0.00561248797870116
0.00560458231137167
0.00559669888432635
0.00558883760384722
0.00558099837674211
0.00557318111034099
0.00556538571249232
0.00555761209155939
0.00554986015641680
0.00554212981644685
0.00553442098153599
0.00552673356207140
0.00551906746893741
0.00551142261351216
0.00550379890766410
0.00549619626374866
0.00548861459460488
0.00548105381355204
0.00547351383438641
0.00546599457137795
0.00545849593926705
0.00545101785326133
0.00544356022903244
0.00543612298271286
0.00542870603089280
0.00542130929061705
0.00541393267938191
0.00540657611513209
0.00539923951625772
0.00539192280159127
0.00538462589040460
0.00537734870240599
0.00537009115773716
0.00536285317697039
0.00535563468110559
0.00534843559156747
0.00534125583020261
0.00533409531927673
0.00532695398147180
0.00531983173988332
0.00531272851801752
0.00530564423978862
0.00529857882951615
0.00529153221192223
0.00528450431212887
0.00527749505565539
0.00527050436841571
0.00526353217671578
0.00525657840725101
0.00524964298710365
0.00524272584374028
0.00523582690500926
0.00522894609913824
0.00522208335473166
0.00521523860076827
0.00520841176659871
0.00520160278194304
0.00519481157688838
0.00518803808188645
0.00518128222775127
0.00517454394565672
0.00516782316713430
0.00516111982407074
0.00515443384870570
0.00514776517362953
0.00514111373178098
0.00513447945644494
0.00512786228125024
0.00512126214016739
0.00511467896750645
0.00510811269791479
0.00510156326637495
0.00509503060820250
0.00508851465904392
0.00508201535487444
0.00507553263199600
0.00506906642703513
0.00506261667694092
0.00505618331898293
0.00504976629074917
0.00504336553014412
0.00503698097538667
0.00503061256500814
0.00502426023785037
0.00501792393306369
0.00501160359010499
0.00500529914873583
0.00499901054902050
0.00499273773132411
0.00498648063631072
0.00498023920494146
0.00497401337847271
0.00496780309845418
0.00496160830672717
0.00495542894542268
0.00494926495695966
0.00494311628404319
0.00493698286966272
0.00493086465709030
0.00492476158987884
0.00491867361186038
0.00491260066714432
0.00490654270011579
0.00490049965543388
0.00489447147802999
0.00488845811310614
0.00488245950613334
0.00487647560284990
0.00487050634925984
0.00486455169163121
0.00485861157649454
0.00485268595064118
0.00484677476112176
0.00484087795524458
0.00483499548057407
0.00482912728492921
0.00482327331638201
0.00481743352325595
0.00481160785412449
0.00480579625780956
0.00479999868338003
0.00479421508015024
0.00478844539767855
0.00478268958576581
0.00477694759445397
0.00477121937402460
0.00476550487499746
0.00475980404812906
0.00475411684441130
0.00474844321507000
0.00474278311156353
0.00473713648558145
0.00473150328904310
0.00472588347409625
0.00472027699311575
0.00471468379870218
0.00470910384368052
0.00470353708109880
0.00469798346422681
0.00469244294655479
0.00468691548179212
0.00468140102386603
0.00467589952692033
0.00467041094531414
0.00466493523362061
0.00465947234662569
0.00465402223932687
0.00464858486693194
0.00464316018485779
0.00463774814872916
0.00463234871437745
0.00462696183783951
0.00462158747535644
0.00461622558337242
0.00461087611853353
0.00460553903768658
0.00460021429787793
0.00459490185635239
0.00458960167055200
0.00458431369811496
0.00457903789687448
0.00457377422485763
0.00456852264028429
0.00456328310156598
0.00455805556730478
0.00455283999629229
0.00454763634750845
0.00454244458012057
0.00453726465348220
0.00453209652713205
0.00452694016079301
0.00452179551437105
0.00451666254795417
0.00451154122181142
0.00450643149639183
0.00450133333232342
0.00449624669041216
0.00449117153164098
0.00448610781716880
0.00448105550832949
0.00447601456663091
0.00447098495375395
0.00446596663155151
0.00446095956204760
0.00445596370743632
0.00445097903008096
0.00444600549251302
0.00444104305743127
0.00443609168770085
0.00443115134635232
0.00442622199658073
0.00442130360174475
0.00441639612536570
0.00441149953112670
0.00440661378287174
0.00440173884460481
0.00439687468048902
0.00439202125484569
0.00438717853215353
0.00438234647704772
0.00437752505431907
0.00437271422891319
0.00436791396592960
0.00436312423062091
0.00435834498839196
0.00435357620479903
0.00434881784554896
0.00434406987649837
0.00433933226365281
0.00433460497316598
0.00432988797133891
0.00432518122461913
0.00432048469959994
0.00431579836301957
0.00431112218176038
0.00430645612284815
0.00430180015345124
0.00429715424087982
0.00429251835258518
0.00428789245615887
0.00428327651933200
0.00427867050997450
0.00427407439609435
0.00426948814583682
0.00426491172748379
0.00426034510945297
0.00425578826029720
0.00425124114870371
0.00424670374349343
0.00424217601362023
0.00423765792817027
0.00423314945636126
0.00422865056754175
0.00422416123119048
0.00421968141691566
0.00421521109445426
0.00421075023367140
0.00420629880455959
0.00420185677723812
0.00419742412195236
0.00419300080907311
0.00418858680909592
0.00418418209264047
0.00417978663044987
0.00417540039339005
0.00417102335244911
0.00416665547873667
0.00416229674348323
0.00415794711803955
0.00415360657387603
0.00414927508258207
0.00414495261586545
0.00414063914555173
0.00413633464358363
0.00413203908202039
0.00412775243303724
0.00412347466892472
0.00411920576208813
0.00411494568504692
0.00411069441043410
0.00410645191099568
0.00410221815959003
0.00409799312918737
0.00409377679286914
0.00408956912382746
0.00408537009536455
0.00408117968089215
0.00407699785393101
0.00407282458811028
0.00406865985716696
0.00406450363494538
0.00406035589539664
0.00405621661257804
0.00405208576065257
0.00404796331388838
0.00404384924665821
0.00403974353343887
0.00403564614881074
0.00403155706745720
0.00402747626416417
0.00402340371381951
0.00401933939141259
0.00401528327203372
0.00401123533087365
0.00400719554322309
0.00400316388447219
0.00399914033011003
0.00399512485572413
0.00399111743699999
0.00398711804972053
0.00398312666976567
0.00397914327311181
0.00397516783583134
0.00397120033409221
0.00396724074415738
0.00396328904238441
0.00395934520522496
0.00395540920922434
0.00395148103102100
0.00394756064734613
0.00394364803502317
0.00393974317096734
0.00393584603218521
0.00393195659577424
0.00392807483892232
0.00392420073890734
0.00392033427309676
0.00391647541894712
0.00391262415400366
0.00390878045589982
0.00390494430235689
0.00390111567118350
0.00389729454027523
0.00389348088761420
0.00388967469126861
0.00388587592939233
0.00388208458022451
0.00387830062208912
0.00387452403339459
0.00387075479263333
0.00386699287838140
0.00386323826929804
0.00385949094412530
0.00385575088168763
0.00385201806089149
0.00384829246072492
0.00384457406025721
0.00384086283863844
0.00383715877509912
0.00383346184894981
0.00382977203958073
0.00382608932646136
0.00382241368914009
0.00381874510724381