0.000567966679288149
0.000597966679288148
0.000627966679288149
0.000657966679288149
0.000687966679288148
0.000717966679288148
0.000747966679288148
0.000777966679288149
0.000807966679288148
0.000837966679288148
0.000867966679288149
0.000897966679288149
0.000927966679288148
0.000957966679288149
0.000987966679288148
0.00101796667928815
0.00104796667928815
0.00107796667928815
0.00110796667928815
0.00113796667928815
0.00116796667928815
0.00119796667928815
0.00122796667928815
0.00125796667928815
0.00128796667928815
0.00131796667928815
0.00134796667928815
0.00137796667928815
0.00140796667928815
0.00143796667928815
0.00146796667928815
0.00149796667928815
0.00152796667928815
0.00155796667928815
0.00158796667928815
0.00161796667928815
0.00164796667928815
0.00167796667928815
0.00170796667928815
0.00173796667928815
0.00176796667928815
0.00179796667928815
0.00182796667928815
0.00185796667928815
0.00188796667928815
0.00191796667928815
0.00194796667928815
0.00197796667928815
0.00200796667928815
0.00203796667928815
0.00206796667928815
0.00209796667928815
0.00212796667928815
0.00215796667928815
0.00218796667928815
0.00221796667928815
0.00224796667928815
0.00227796667928815
0.00230796667928815
0.00233796667928815
0.00236796667928815
0.00239796667928815
0.00242796667928815
0.00245796667928815
0.00248796667928815
0.00251796667928815
0.00254796667928815
0.00257796667928815
0.00260796667928815
0.00263796667928815
0.00266796667928815
0.00269796667928815
0.00272796667928815
0.00275796667928815
0.00278796667928815
0.00281796667928815
0.00284796667928815
0.00287796667928815
0.00290796667928815
0.00293796667928815
0.00296796667928815
0.00299796667928815
0.00302796667928815
0.00305796667928815
0.00308796667928815
0.00311796667928815
0.00314796667928815
0.00317796667928815
0.00320796667928815
0.00323796667928815
0.00326796667928815
0.00329796667928815
0.00332796667928815
0.00335796667928815
0.00338796667928815
0.00341796667928815
0.00344796667928815
0.00347796667928815
0.00350796667928815
0.00353796667928815
0.00356796667928815
0.00359796667928815
0.00362796667928815
0.00365796667928815
0.00368796667928815
0.00371796667928815
0.00374796667928815
0.00377796667928815
0.00380796667928815
0.00383796667928815
0.00386796667928815
0.00389796667928815
0.00392796667928815
0.00395796667928815
0.00398796667928815
0.00401796667928815
0.00404796667928815
0.00407796667928815
0.00410796667928815
0.00413796667928815
0.00416796667928815
0.00419796667928815
0.00422796667928815
0.00425796667928815
0.00428796667928815
0.00431796667928815
0.00434796667928815
0.00437796667928815
0.00440796667928815
0.00443796667928815
0.00446796667928815
0.00449796667928815
0.00452796667928815
0.00455796667928815
0.00458796667928815
0.00461796667928815
0.00464796667928815
0.00467796667928815
0.00470796667928815
0.00473796667928815
0.00476796667928815
0.00479796667928815
0.00482796667928815
0.00485796667928815
0.00488796667928815
0.00491796667928815
0.00494796667928815
0.00497796667928815
0.00500796667928815
0.00503796667928815
0.00506796667928815
0.00509796667928815
0.00512796667928815
0.00515796667928815
0.00518796667928815
0.00521796667928815
0.00524796667928815
0.00527796667928815
0.00530796667928815
0.00533796667928815
0.00536796667928815
0.00539796667928815
0.00542796667928815
0.00545796667928815
0.00548796667928815
0.00551796667928815
0.00554796667928815
0.00557796667928815
0.00560796667928815
0.00563796667928815
0.00566796667928815
0.00569796667928815
0.00572796667928815
0.00575796667928815
0.00578796667928815
0.00581796667928815
0.00584796667928815
0.00587796667928815
0.00590796667928815
0.00593796667928815
0.00596796667928815
0.00599796667928815
0.00602796667928815
0.00605796667928815
0.00608796667928815
0.00611796667928815
0.00614796667928815
0.00617796667928815
0.00620796667928815
0.00623796667928815
0.00626796667928815
0.00629796667928815
0.00632796667928815
0.00635796667928815
0.00638796667928815
0.00641796667928815
0.00644796667928815
0.00647796667928815
0.00650796667928815
0.00653796667928815
0.00656796667928815
0.00659796667928815
0.00662796667928815
0.00665796667928815
0.00668796667928815
0.00671796667928815
0.00674796667928815
0.00677796667928815
0.00680796667928815
0.00683796667928815
0.00686796667928815
0.00689796667928815
0.00692796667928815
0.00695796667928815
0.00698796667928815
0.00701796667928815
0.00704796667928815
0.00707796667928815
0.00710796667928815
0.00713796667928815
0.00716796667928815
0.00719796667928815
0.00722796667928815
0.00725796667928815
0.00728796667928815
0.00731796667928815
0.00734796667928815
0.00737796667928815
0.00740796667928815
0.00743796667928815
0.00746796667928815
0.00749796667928815
0.00752796667928815
0.00755796667928815
0.00758796667928815
0.00761796667928815
0.00764796667928815
0.00767796667928815
0.00770796667928815
0.00773796667928815
0.00776796667928815
0.00779796667928815
0.00782796667928815
0.00785796667928815
0.00788796667928815
0.00791796667928815
0.00794796667928815
0.00797796667928815
0.00800796667928815
0.00803796667928815
0.00806796667928815
0.00809796667928815
0.00812796667928815
0.00815796667928815
0.00818796667928815
0.00821796667928815
0.00824796667928815
0.00827796667928815
0.00830796667928815
0.00833796667928815
0.00836796667928815
0.00839796667928815
0.00842796667928815
0.00845796667928815
0.00848796667928815
0.00851796667928815
0.00854796667928815
0.00857796667928815
0.00860796667928815
0.00863796667928815
0.00866796667928815
0.00869796667928815
0.00872796667928815
0.00875796667928815
0.00878796667928815
0.00881796667928815
0.00884796667928815
0.00887796667928815
0.00890796667928815
0.00893796667928815
0.00896796667928815
0.00899796667928815
0.00902796667928815
0.00905796667928815
0.00908796667928815
0.00911796667928815
0.00914796667928815
0.00917796667928815
0.00920796667928815
0.00923796667928815
0.00926796667928815
0.00929796667928815
0.00932796667928815
0.00935796667928815
0.00938796667928815
0.00941796667928815
0.00944796667928815
0.00947796667928815
0.00950796667928815
0.00953796667928815
0.00956796667928815
0.00959796667928815
0.00962796667928815
0.00965796667928815
0.00968796667928815
0.00971796667928815
0.00974796667928815
0.00977796667928815
0.00980796667928815
0.00983796667928815
0.00986796667928815
0.00989796667928815
0.00992796667928815
0.00995796667928815
0.00998796667928815
0.0100179666792881
0.0100479666792881
0.0100779666792881
0.0101079666792881
0.0101379666792881
0.0101679666792881
0.0101979666792881
0.0102279666792881
0.0102579666792881
0.0102879666792881
0.0103179666792881
0.0103479666792881
0.0103779666792881
0.0104079666792881
0.0104379666792881
0.0104679666792881
0.0104979666792881
0.0105279666792881
0.0105579666792881
0.0105879666792881
0.0106179666792881
0.0106479666792881
0.0106779666792881
0.0107079666792881
0.0107379666792881
0.0107679666792881
0.0107979666792881
0.0108279666792881
0.0108579666792881
0.0108879666792881
0.0109179666792881
0.0109479666792881
0.0109779666792881
0.0110079666792881
0.0110379666792881
0.0110679666792881
0.0110979666792881
0.0111279666792881
0.0111579666792881
0.0111879666792881
0.0112179666792881
0.0112479666792881
0.0112779666792881
0.0113079666792881
0.0113379666792881
0.0113679666792881
0.0113979666792881
0.0114279666792881
0.0114579666792881
0.0114879666792881
0.0115179666792881
0.0115479666792881
0.0115779666792881
0.0116079666792881
0.0116379666792881
0.0116679666792881
0.0116979666792881
0.0117279666792881
0.0117579666792881
0.0117879666792881
0.0118179666792881
0.0118479666792881
0.0118779666792881
0.0119079666792881
0.0119379666792881
0.0119679666792881
0.0119979666792881
0.0120279666792881
0.0120579666792881
0.0120879666792881
0.0121179666792881
0.0121479666792881
0.0121779666792881
0.0122079666792881
0.0122379666792881
0.0122679666792881
0.0122979666792881
0.0123279666792881
0.0123579666792881
0.0123879666792881
0.0124179666792881
0.0124479666792881
0.0124779666792881
0.0125079666792881
0.0125379666792881
0.0125679666792881
0.0125979666792881
0.0126279666792881
0.0126579666792881
0.0126879666792881
0.0127179666792881
0.0127479666792881
0.0127779666792881
0.0128079666792881
0.0128379666792881
0.0128679666792881
0.0128979666792881
0.0129279666792881
0.0129579666792881
0.0129879666792881
0.0130179666792881
0.0130479666792881
0.0130779666792881
0.0131079666792881
0.0131379666792881
0.0131679666792881
0.0131979666792881
0.0132279666792881
0.0132579666792881
0.0132879666792881
0.0133179666792881
0.0133479666792881
0.0133779666792881
0.0134079666792881
0.0134379666792881
0.0134679666792881
0.0134979666792881
0.0135279666792881
0.0135579666792881
0.0135879666792881
0.0136179666792881
0.0136479666792881
0.0136779666792881
0.0137079666792881
0.0137379666792881
0.0137679666792881
0.0137979666792881
0.0138279666792881
0.0138579666792881
0.0138879666792881
0.0139179666792881
0.0139479666792881
0.0139779666792881
0.0140079666792881
0.0140379666792881
0.0140679666792881
0.0140979666792881
0.0141279666792881
0.0141579666792881
0.0141879666792881
0.0142179666792881
0.0142479666792881
0.0142779666792881
0.0143079666792881
0.0143379666792881
0.0143679666792881
0.0143979666792881
0.0144279666792881
0.0144579666792881
0.0144879666792881
0.0145179666792881
0.0145479666792881
0.0145779666792881
0.0146079666792881
0.0146379666792881
0.0146679666792881
0.0146979666792881
0.0147279666792881
0.0147579666792881
0.0147879666792881
0.0148179666792881
0.0148479666792881
0.0148779666792881
0.0149079666792881
0.0149379666792881
0.0149679666792881
0.0149979666792881
0.0150279666792881
0.0150579666792881
0.0150879666792881
0.0151179666792881
0.0151479666792881
0.0151779666792881
0.0152079666792881
0.0152379666792881
0.0152679666792881
0.0152979666792881
0.0153279666792881
0.0153579666792881
0.0153879666792881
0.0154179666792881
0.0154479666792881
0.0154779666792881
0.0155079666792881
0.0155379666792881
0.0155679666792881
0.0155979666792881
0.0156279666792881
0.0156579666792882
0.0156879666792881
0.0157179666792881
0.0157479666792882
0.0157779666792881
0.0158079666792882
0.0158379666792882
0.0158679666792881
0.0158979666792882
0.0159279666792882
0.0159579666792881
0.0159879666792882
0.0160179666792881
0.0160479666792881
0.0160779666792882
0.0161079666792881
0.0161379666792881
0.0161679666792882
0.0161979666792881
0.0162279666792882
0.0162579666792882
0.0162879666792881
0.0163179666792882
0.0163479666792882
0.0163779666792881
0.0164079666792882
0.0164379666792882
0.0164679666792882
0.0164979666792882
0.0165279666792881
0.0165579666792882
0.0165879666792882
0.0166179666792881
0.0166479666792882
0.0166779666792882
0.0167079666792881
0.0167379666792882
0.0167679666792882
0.0167979666792881
0.0168279666792882
0.0168579666792882
0.0168879666792881
0.0169179666792882
0.0169479666792882
0.0169779666792882
0.0170079666792882
0.0170379666792881
0.0170679666792882
0.0170979666792882
0.0171279666792881
0.0171579666792882
0.0171879666792882
0.0172179666792881
0.0172479666792882
0.0172779666792882
0.0173079666792881
0.0173379666792882
0.0173679666792882
0.0173979666792881
0.0174279666792882
0.0174579666792882
0.0174879666792881
0.0175179666792882
0.0175479666792881
0.0175779666792882
0.0176079666792882
0.0176379666792881
0.0176679666792882
0.0176979666792882
0.0177279666792881
0.0177579666792882
0.0177879666792882
0.0178179666792881
0.0178479666792882
0.0178779666792882
0.0179079666792881
0.0179379666792882
0.0179679666792882
0.0179979666792881
0.0180279666792882
0.0180579666792881
0.0180879666792882
0.0181179666792882
0.0181479666792881
0.0181779666792882
0.0182079666792882
0.0182379666792881
0.0182679666792882
0.0182979666792882
0.0183279666792881
0.0183579666792882
0.0183879666792882
0.0184179666792881
0.0184479666792882
0.0184779666792882
0.0185079666792881
0.0185379666792882
0.0185679666792882
0.0185979666792882
0.0186279666792882
0.0186579666792881
0.0186879666792882
0.0187179666792882
0.0187479666792881
0.0187779666792882
0.0188079666792882
0.0188379666792881
0.0188679666792882
0.0188979666792882
0.0189279666792881
0.0189579666792882
0.0189879666792882
0.0190179666792881
0.0190479666792882
0.0190779666792882
0.0191079666792881
0.0191379666792882
0.0191679666792881
0.0191979666792882
0.0192279666792882
0.0192579666792881
0.0192879666792882
0.0193179666792882
0.0193479666792881
0.0193779666792882
0.0194079666792882
0.0194379666792881
0.0194679666792882
0.0194979666792882
0.0195279666792881
0.0195579666792882
0.0195879666792882
0.0196179666792881
0.0196479666792882
0.0196779666792881
0.0197079666792882
0.0197379666792882
0.0197679666792881
0.0197979666792882
0.0198279666792882
0.0198579666792881
0.0198879666792882
0.0199179666792882
0.0199479666792881
0.0199779666792882
0.0200079666792882
0.0200379666792881
0.0200679666792882
0.0200979666792882
0.0201279666792881
0.0201579666792882
0.0201879666792881
0.0202179666792882
0.0202479666792882
0.0202779666792881
0.0203079666792882
0.0203379666792882
0.0203679666792881
0.0203979666792882
0.0204279666792882
0.0204579666792881
0.0204879666792882
0.0205179666792882
0.0205479666792881
0.0205779666792882
0.0206079666792882
0.0206379666792881
0.0206679666792882
0.0206979666792881
0.0207279666792881
0.0207579666792882
0.0207879666792881
0.0208179666792882
0.0208479666792882
0.0208779666792881
0.0209079666792882
0.0209379666792882
0.0209679666792881
0.0209979666792882
0.0210279666792882
0.0210579666792881
0.0210879666792882
0.0211179666792882
0.0211479666792881
0.0211779666792882
0.0212079666792882
0.0212379666792881
0.0212679666792882
0.0212979666792881
0.0213279666792882
0.0213579666792882
0.0213879666792881
0.0214179666792882
0.0214479666792882
0.0214779666792881
0.0215079666792882
0.0215379666792882
0.0215679666792881
0.0215979666792882
0.0216279666792882
0.0216579666792881
0.0216879666792882
0.0217179666792882
0.0217479666792881
0.0217779666792882
0.0218079666792881
0.0218379666792882
0.0218679666792882
0.0218979666792881
0.0219279666792882
0.0219579666792882
0.0219879666792881
0.0220179666792882
0.0220479666792882
0.0220779666792881
0.0221079666792882
0.0221379666792882
0.0221679666792881
0.0221979666792882
0.0222279666792882
0.0222579666792881
0.0222879666792882
0.0223179666792881
0.0223479666792882
0.0223779666792882
0.0224079666792881
0.0224379666792882
0.0224679666792882
0.0224979666792881
0.0225279666792882
0.0225579666792882
0.0225879666792881
0.0226179666792882
0.0226479666792882
0.0226779666792881
0.0227079666792882
0.0227379666792882
0.0227679666792881
0.0227979666792882
0.0228279666792881
0.0228579666792881
0.0228879666792882
0.0229179666792881
0.0229479666792882
0.0229779666792882
0.0230079666792881
0.0230379666792882
0.0230679666792882
0.0230979666792881
0.0231279666792882
0.0231579666792882
0.0231879666792881
0.0232179666792882
0.0232479666792882
0.0232779666792881
0.0233079666792882
0.0233379666792881
0.0233679666792881
0.0233979666792882
0.0234279666792881
0.0234579666792882
0.0234879666792882
0.0235179666792881
0.0235479666792882
0.0235779666792882
0.0236079666792881
0.0236379666792882
0.0236679666792882
0.0236979666792881
0.0237279666792882
0.0237579666792882
0.0237879666792881
0.0238179666792882
0.0238479666792881
0.0238779666792881
0.0239079666792882
0.0239379666792881
0.0239679666792882
0.0239979666792882
0.0240279666792881
0.0240579666792882
0.0240879666792882
0.0241179666792881
0.0241479666792882
0.0241779666792882
0.0242079666792881
0.0242379666792882
0.0242679666792882
0.0242979666792881
0.0243279666792882
0.0243579666792882
0.0243879666792881
0.0244179666792882
0.0244479666792881
0.0244779666792881
0.0245079666792882
0.0245379666792881
0.0245679666792882
0.0245979666792882
0.0246279666792881
0.0246579666792882
0.0246879666792882
0.0247179666792881
0.0247479666792882
0.0247779666792882
0.0248079666792881
0.0248379666792882
0.0248679666792882
0.0248979666792881
0.0249279666792882
0.0249579666792881
0.0249879666792881
0.0250179666792882
0.0250479666792881
0.0250779666792882
0.0251079666792882
0.0251379666792881
0.0251679666792882
0.0251979666792882
0.0252279666792881
0.0252579666792882
0.0252879666792882
0.0253179666792881
0.0253479666792882
0.0253779666792882
0.0254079666792881
0.0254379666792882
0.0254679666792881
0.0254979666792881
0.0255279666792882
0.0255579666792881
0.0255879666792882
0.0256179666792882
0.0256479666792881
0.0256779666792882
0.0257079666792882
0.0257379666792881
0.0257679666792882
0.0257979666792882
0.0258279666792881
0.0258579666792882
0.0258879666792882
0.0259179666792881
0.0259479666792882
0.0259779666792881
0.0260079666792881
0.0260379666792882
0.0260679666792881
0.0260979666792881
0.0261279666792882
0.0261579666792881
0.0261879666792882
0.0262179666792882
0.0262479666792881
0.0262779666792882
0.0263079666792882
0.0263379666792881
0.0263679666792882
0.0263979666792882
0.0264279666792881
0.0264579666792882
0.0264879666792881
0.0265179666792881
0.0265479666792882
0.0265779666792881
0.0266079666792881
0.0266379666792882
0.0266679666792881
0.0266979666792882
0.0267279666792882
0.0267579666792881
0.0267879666792882
0.0268179666792882
0.0268479666792881
0.0268779666792882
0.0269079666792882
0.0269379666792881
0.0269679666792882
0.0269979666792882
0.0270279666792881
0.0270579666792882
0.0270879666792881
0.0271179666792881
0.0271479666792882
0.0271779666792881
0.0272079666792882
0.0272379666792882
0.0272679666792881
0.0272979666792882
0.0273279666792882
0.0273579666792881
0.0273879666792882
0.0274179666792882
0.0274479666792881
0.0274779666792882
0.0275079666792882
0.0275379666792881
0.0275679666792882
0.0275979666792881
0.0276279666792881
0.0276579666792882
0.0276879666792881
0.0277179666792881
0.0277479666792882
0.0277779666792881
0.0278079666792882
0.0278379666792882
0.0278679666792881
0.0278979666792882
0.0279279666792882
0.0279579666792881
0.0279879666792882
0.0280179666792882
0.0280479666792881
0.0280779666792882
0.0281079666792881
0.0281379666792881
0.0281679666792882
0.0281979666792881
0.0282279666792881
0.0282579666792882
0.0282879666792881
0.0283179666792882
0.0283479666792882
0.0283779666792881
0.0284079666792882
0.0284379666792882
0.0284679666792881
0.0284979666792882
0.0285279666792882
0.0285579666792881
0.0285879666792882
0.0286179666792881
0.0286479666792881
0.0286779666792882
0.0287079666792881
0.0287379666792881
0.0287679666792882
0.0287979666792881
0.0288279666792882
0.0288579666792882
0.0288879666792881
0.0289179666792882
0.0289479666792882
0.0289779666792881
0.0290079666792882
0.0290379666792882
0.0290679666792881
0.0290979666792882
0.0291279666792881
0.0291579666792881
0.0291879666792882
0.0292179666792881
0.0292479666792881
0.0292779666792882
0.0293079666792881
0.0293379666792881
0.0293679666792882
0.0293979666792881
0.0294279666792882
0.0294579666792882
0.0294879666792881
0.0295179666792882
0.0295479666792882
0.0295779666792881
0.0296079666792882
0.0296379666792881
0.0296679666792881
0.0296979666792882
0.0297279666792881
0.0297579666792881
0.0297879666792882
0.0298179666792881
0.0298479666792881
0.0298779666792882
0.0299079666792881
0.0299379666792882
0.0299679666792882
0.0299979666792881
0.0300279666792882
0.0300579666792882
0.0300879666792881
0.0301179666792882
0.0301479666792882
0.0301779666792881
0.0302079666792882
0.0302379666792881
0.0302679666792881
0.0302979666792882
0.0303279666792881
0.0303579666792881
0.0303879666792882
0.0304179666792881
0.0304479666792882
0.0304779666792882
0.0305079666792881
0.0305379666792882
0.0305679666792882
0.0305979666792881
0.0306279666792882
0.0306579666792882
0.0306879666792881
0.0307179666792882
0.0307479666792881
0.0307779666792881
0.0308079666792882
0.0308379666792881
0.0308679666792881
0.0308979666792882
0.0309279666792881
0.0309579666792882
0.0309879666792882
0.0310179666792881
0.0310479666792882
0.0310779666792882
0.0311079666792881
0.0311379666792882
0.0311679666792882
0.0311979666792881
0.0312279666792882
0.0312579666792881